688
688
698
698
688   698
698
688   698
373
373
992
992
373   992
509
509
781
781
509   781
266
266
259
259
259
259
708
708
259   708
708
259   708
674
674
357
357
674   357
357
674   357
584
584
756
756
584   756
777
777
453
453
777   453
453
777   453
148
148
691
691
148   691
357
357
123
123
357   123
359
359
129
129
359   129
244
244
661
661
244   661
661
244   661
762
762
762
744
744
762   744
71
71
71
375
375
71   375
375
71   375
183
183
183
76
76
183   76
306
306
75
75
306   75
1
1
605
605
1   605
186
186
77
77
186   77
294
294
294
294
957
957
294   957
957
294   957
152
152
545
545
152   545
285
285
592
592
285   592
43
43
792
792
43   792
902
902
16
16
902   16
741
741
741
104
104
741   104
104
741   104
697
697
697
968
968
697   968
968
697   968
968
697   968
322
322
718
718
322   718
718
322   718
718
322   718
326
326
752
752
752
806
806
752   806
806
752   806
806
752   806
861
861
861
861
307
307
861   307
883
883
511
511
883   511
511
883   511
892
892
892
892
151
151
892   151
151
892   151
493
493
264
264
493   264
264
493   264
264
493   264
362
362
362
316
316
362   316
316
362   316
316
362   316
961
961
136
136
961   136
509
509
500
500
509   500
500
509   500
350
350
350
504
504
350   504
823
823
563
563
823   563
235
235
235
984
984
235   984
480
480
647
647
480   647
989
989
305
305
989   305
107
107
107
107
868
868
107   868
868
107   868
868
107   868
593
593
593
871
871
593   871
509
509
378
378
509   378
564
564
564
564
842
842
564   842
735
735
735
658
658
658
658
569
569
658   569
569
658   569
937
937
937
937
774
774
937   774
774
937   774
147
147
153
153
147   153
153
147   153
153
147   153
611
611
13
13
611   13
13
611   13
747
747
87
87
747   87
589
589
589
35
35
589   35
35
589   35
842
842
974
974
842   974
974
842   974
177
177
177
182
182
177   182
182
177   182
372
372
684
684
372   684
132
132
132
132
201
201
132   201
201
132   201
201
132   201
990
990
990
298
298
990   298
949
949
343
343
949   343
343
949   343
414
414
414
965
965
414   965
965
414   965
740
740
487
487
487
307
307
487   307
307
487   307
943
943
943
683
683
943   683
10
10
530
530
10   530
530
10   530
446
446
446
791
791
446   791
776
776
776
966
966
776   966
966
776   966
867
867
837
837
867   837
272
272
515
515
272   515
705
705
804
804
705   804
830
830
830
814
814
830   814
814
830   814
814
830   814
625
625
263
263
625   263
263
625   263
720
720
990
990
720   990
412
412
412
365
365
412   365
365
412   365
64
64
658
658
658
313
313
658   313
313
658   313
313
658   313
674
674
983
983
674   983
983
674   983
98
98
617
617
98   617
617
98   617
617
98   617
552
552
982
982
552   982
162
162
162
162
227
227
162   227
227
162   227
227
162   227
587
587
587
688
688
587   688
688
587   688
316
316
162
162
316   162
580
580
182
182
580   182
182
580   182
673
673
553
553
673   553
21
21
200
200
21   200
200
21   200
440
440
440
57
57
440   57
57
440   57
663
663
663
792
792
663   792
792
663   792
529
529
529
529
305
305
529   305
305
529   305
305
529   305
733
733
238
238
733   238
957
957
957
246
246
246
246
719
719
246   719
719
246   719
107
107
107
301
301
786
786
301   786
649
649
555
555
649   555
955
955
277
277
955   277
70
70
424
424
70   424
424
70   424
640
640
299
299
640   299
943
943
587
587
943   587
183
183
183
843
843
183   843
802
802
585
585
802   585
585
802   585
585
802   585
984
984
984
984
35
35
984   35
323
323
323
323
656
656
323   656
479
479
479
155
155
479   155
553
553
553
681
681
553   681
681
553   681
681
553   681
892
892
885
885
892   885
885
892   885
46
46
46
964
964
46   964
964
46   964
697
697
685
685
697   685
487
487
487
863
863
487   863
34
34
339
339
34   339
339
34   339
339
34   339
408
408
985
985
408   985
993
993
993
734
734
993   734
244
244
244
802
802
244   802
802
244   802
843
843
74
74
843   74
109
109
109
109
612
612
109   612
777
777
777
777
260
260
274
274
260   274
445
445
445
445
61
61
504
504
61   504
533
533
533
533
801
801
533   801
177
177
177
802
802
177   802
36
36
674
674
36   674
396
396
883
883
396   883
883
396   883
279
279
117
117
279   117
789
789
875
875
789   875
139
139
139
433
433
139   433
433
139   433
231
231
168
168
231   168
148
148
819
819
819
544
544
819   544
814
814
793
793
814   793
839
839
581
581
621
621
581   621
537
537
913
913
537   913
350
350
722
722
350   722
509
509
548
548
31
31
31
638
638
31   638
638
31   638
899
899
827
827
899   827
827
899   827
827
899   827
947
947
998
998
947   998
781
781
159
159
233
233
159   233
867
867
976
976
867   976
976
867   976
976
867   976
966
966
693
693
966   693
58
58
298
298
58   298
509
509
378
378
509   378
378
509   378
443
443
443
594
594
594
594
984
984
594   984
984
594   984
984
594   984
413
413
847
847
413   847
384
384
741
741
384   741
116
116
752
752
87
87
752   87
577
577
577
577
621
621
577   621
621
577   621
621
577   621
151
151
227
227
151   227
335
335
335
120
120
120
120
699
699
120   699
699
120   699
654
654
654
760
760
654   760
760
654   760
496
496
496
526
526
496   526
526
496   526
799
799
799
767
767
767
101
101
767   101
101
767   101
807
807
807
342
342
807   342
342
807   342
342
807   342
345
345
345
345
549
549
345   549
549
345   549
413
413
566
566
566
655
655
566   655
655
566   655
290
290
290
290
277
277
97
97
509
509
97   509
589
589
589
589
36
36
589   36
216
216
351
351
216   351
554
554
60
60
554   60
73
73
808
808
73   808
808
73   808
311
311
985
985
311   985
946
946
946
616
616
946   616
616
946   616
562
562
786
786
786
45
45
786   45
45
786   45
824
824
805
805
824   805
805
824   805
908
908
908
270
270
908   270
270
908   270
455
455
764
764
455   764
760
760
760
750
750
760   750
750
760   750
750
760   750
43
43
43
941
941
43   941
941
43   941
267
267
267
267
415
415
184
184
415   184
616
616
606
606
616   606
932
932
932
684
684
932   684
684
932   684
494
494
354
354
494   354
8
8
396
396
8   396
633
633
633
633
488
488
633   488
488
633   488
391
391
809
809
408
408
809   408
408
809   408
421
421
292
292
421   292
615
615
615
626
626
615   626
626
615   626
769
769
82
82
307
307
257
257
307   257
290
290
290
440
440
459
459
440   459
183
183
183
183
629
629
183   629
254
254
798
798
254   798
963
963
411
411
963   411
411
963   411
715
715
715
715
411
411
715   411
257
257
257
433
433
257   433
433
257   433
578
578
578
578
848
848
578   848
309
309
309
471
471
309   471
471
309   471
471
309   471
633
633
633
144
144
144
144
691
691
144   691
746
746
746
294
294
746   294
294
746   294
320
320
320
320
714
714
388
388
714   388
173
173
173
16
16
173   16
23
23
633
633
23   633
633
23   633
422
422
422
422
934
934
422   934
934
422   934
378
378
493
493
378   493
458
458
458
464
464
458   464
678
678
678
678
975
975
678   975
975
678   975
184
184
184
979
979
184   979
979
184   979
425
425
425
18
18
425   18
18
425   18
502
502
695
695
502   695
98
98
769
769
98   769
320
320
320
543
543
618
618
543   618
768
768
768
879
879
768   879
879
768   879
44
44
44
601
601
44   601
721
721
490
490
721   490
400
400
400
400
478
478
400   478
478
400   478
724
724
724
472
472
724   472
188
188
973
973
188   973
973
188   973
658
658
853
853
658   853
853
658   853
701
701
265
265
701   265
265
701   265
844
844
164
164
844   164
706
706
706
309
309
706   309
309
706   309
309
706   309
113
113
478
478
113   478
267
267
267
328
328
267   328
285
285
149
149
285   149
149
285   149
482
482
482
45
45
45
152
152
45   152
152
45   152
152
45   152
472
472
472
472
347
347
472   347
347
472   347
347
472   347
356
356
356
356
559
559
356   559
559
356   559
559
356   559
706
706
706
435
435
706   435
435
706   435
435
706   435
73
73
977
977
73   977
58
58
58
56
56
58   56
766
766
679
679
766   679
488
488
488
488
747
747
488   747
8
8
666
666
8   666
13
13
13
486
486
13   486
774
774
774
774
693
693
774   693
693
774   693
693
774   693
508
508
508
919
919
508   919
552
552
235
235
552   235
139
139
139
139
837
837
139   837
837
139   837
703
703
93
93
703   93
637
637
637
637
54
54
637   54
54
637   54
175
175
175
175
496
496
175   496
496
175   496
963
963
530
530
963   530
831
831
635
635
831   635
635
831   635
635
831   635
860
860
860
513
513
860   513
513
860   513
858
858
858
151
151
858   151
151
858   151
154
154
405
405
154   405
611
611
348
348
611   348
348
611   348
755
755
755
755
302
302
755   302
302
755   302
608
608
608
88
88
608   88
274
274
274
274
229
229
229
825
825
229   825
825
229   825
681
681
558
558
681   558
911
911
911
991
991
911   991
664
664
328
328
664   328
445
445
935
935
445   935
935
445   935
975
975
975
384
384
975   384
384
975   384
893
893
912
912
893   912
912
893   912
523
523
879
879
523   879
879
523   879
821
821
71
71
821   71
71
821   71
341
341
127
127
214
214
127   214
360
360
248
248
360   248
69
69
49
49
69   49
43
43
246
246
43   246
772
772
181
181
442
442
181   442
442
181   442
442
181   442
444
444
102
102
444   102
102
444   102
715
715
715
715
596
596
715   596
376
376
355
355
376   355
726
726
726
726
181
181
726   181
447
447
187
187
447   187
461
461
769
769
461   769
769
461   769
818
818
36
36
818   36
313
313
333
333
313   333
22
22
110
110
22   110
197
197
8
8
197   8
293
293
293
293
209
209
293   209
868
868
678
678
868   678
948
948
948
871
871
871
472
472
871   472
472
871   472
472
871   472
264
264
14
14
264   14
14
264   14
640
640
599
599
640   599
599
640   599
599
640   599
963
963
565
565
963   565
714
714
714
423
423
714   423
423
714   423
423
714   423
717
717
999
999
717   999
608
608
406
406
608   406
406
608   406
406
608   406
702
702
702
702
183
183
702   183
183
702   183
604
604
608
608
604   608
12
12
12
127
127
12   127
127
12   127
278
278
600
600
23
23
600   23
407
407
839
839
407   839
308
308
308
659
659
308   659
659
308   659
887
887
887
213
213
434
434
213   434
856
856
149
149
856   149
233
233
996
996
233   996
949
949
326
326
949   326
425
425
56
56
425   56
56
425   56
995
995
995
824
824
995   824
824
995   824
824
995   824
813
813
629
629
813   629
439
439
439
439
893
893
439   893
893
439   893
379
379
379
334
334
379   334
334
379   334
334
379   334
875
875
598
598
875   598
573
573
34
34
34
436
436
34   436
436
34   436
436
34   436
338
338
338
338
744
744
338   744
263
263
93
93
263   93
592
592
592
92
92
592   92
759
759
23
23
759   23
23
759   23
474
474
443
443
474   443
443
474   443
304
304
304
339
339
304   339
339
304   339
339
304   339
895
895
895
895
267
267
895   267
267
895   267
59
59
853
853
853
856
856
853   856
856
853   856
131
131
684
684
131   684
684
131   684
684
131   684
792
792
965
965
792   965
965
792   965
965
792   965
994
994
777
777
994   777
631
631
190
190
631   190
190
631   190
654
654
842
842
654   842
882
882
936
936
882   936
788
788
305
305
788   305
305
788   305
836
836
836
836
596
596
836   596
596
836   596
596
836   596
161
161
473
473
161   473
473
161   473
730
730
730
730
7
7
730   7
644
644
486
486
644   486
473
473
418
418
473   418
980
980
686
686
980   686
686
980   686
188
188
188
188
976
976
188   976
976
188   976
672
672
672
672
56
56
672   56
56
672   56
302
302
302
129
129
302   129
129
302   129
621
621
701
701
621   701
701
621   701
476
476
626
626
476   626
938
938
938
157
157
938   157
478
478
455
455
478   455
303
303
306
306
303   306
306
303   306
306
303   306
829
829
829
876
876
876
50
50
876   50
50
876   50
486
486
716
716
486   716
43
43
43
94
94
43   94
94
43   94
701
701
701
284
284
744
744
284   744
982
982
982
982
541
541
982   541
541
982   541
34
34
72
72
810
810
775
775
347
347
775   347
347
775   347
686
686
25
25
686   25
972
972
86
86
972   86
762
762
762
762
784
784
762   784
663
663
663
91
91
663   91
991
991
193
193
991   193
193
991   193
286
286
286
8
8
286   8
57
57
685
685
57   685
90
90
90
580
580
996
996
580   996
135827151
